0
443.86
444.42
444.98
445.55
446.11
446.67
447.23
447.79
448.35
448.92
449.48
450.04
450.6
451.16
451.72
452.29
452.85
453.41
453.97
454.53
455.09
455.66
456.22
456.78
457.34
457.9
458.47
459.03
459.59
460.15
460.71
461.27
461.84
462.4
462.96
463.52
464.08
464.64
465.21
465.77
466.33
466.89
467.45
468.01
468.58
469.14
469.7
470.26
470.82
471.38
471.95
472.51
473.07
473.63
474.19
474.76
475.32
475.88
476.44
477.0
477.56
478.13
478.69
479.25
479.81
480.37
480.93
481.5
482.06
482.62
483.18
483.74
484.3
484.87
485.43
485.99
486.55
487.11
487.67
488.24
488.8
489.36
489.92
490.48
491.05
491.61
492.17
492.73
493.29
493.85
494.42
494.98
495.54
496.1
496.66
497.22
497.78
498.35
498.91
499.47
500.03
500.59
501.15
501.71
502.27
502.83
503.39
503.95
504.51
505.07
505.63
506.19
506.75
507.3
507.86
508.42
508.98
509.54
510.09
510.65
511.21
511.76
512.32
512.88
513.43
513.99
514.54
515.1
515.66
516.21
516.77
517.32
517.88
518.43
518.98
519.54
520.09
520.65
521.2
521.75
522.31
522.86
523.42
523.97
524.52
525.08
525.63
526.18
526.73
527.29
527.84
528.39
528.95
529.5
530.05
530.6
531.16
531.71
532.26
532.81
533.36
533.92
534.47
535.02
535.57
536.13
536.68
537.23
537.78
538.34
538.89
539.44
539.99
540.55
541.1
541.65
542.2
542.76
543.31
543.86
544.41
544.97
545.52
546.07
546.63
547.18
547.73
548.29
548.84
549.39
549.95
550.5
551.05
551.61
552.16
552.72
553.27
553.82
554.38
554.93
555.48
556.04
556.59
557.14
557.7
558.25
558.8
559.36
559.91
560.46
561.02
561.57
562.12
562.67
563.22
563.78
564.33
564.88
565.43
565.98
566.53
567.09
567.64
568.19
568.74
569.29
569.84
570.39
570.94
571.49
572.03
572.58
573.13
573.68
574.23
574.77
575.32
575.87
576.41
576.96
577.51
578.05
578.6
579.14
579.69
580.23
580.78
581.32
581.87
582.41
582.96
583.5
584.05
584.6
585.14
585.69
586.24
586.79
587.34
587.89
588.44
588.99
589.55
590.1
590.66
591.21
591.77
592.33
592.89
593.46
594.02
594.59
595.15
595.72
596.29
596.86
597.43
598.0
598.57
599.15
599.72
600.29
600.86
601.44
602.01
602.58
603.16
603.73
604.3
604.87
605.44
606.01
606.58
607.15
607.72
608.28
608.85
609.42
609.98
610.55
611.11
611.67
612.24
612.8
613.36
613.92
614.48
615.05
615.61
616.17
616.72
617.28
617.84
618.4
618.96
619.51
620.07
620.62
621.18
621.73
622.29
622.84
623.4
623.95
624.5
625.06
625.61
626.16
626.71
627.26
627.82
628.37
628.92
629.47
630.02
630.57
631.12
631.66
632.21
632.76
633.31
633.86
634.41
634.95
635.5
636.05
636.6
637.14
637.69
638.24
638.78
639.33
639.88
640.42
640.97
641.51
642.06
642.6
643.15
643.7
644.24
644.79
645.33
645.88
646.42
646.97
647.51
648.06
648.6
649.15
649.69
650.24
650.78
651.33
651.87
652.42
652.96
653.51
654.05
654.6
655.15
655.69
656.24
656.78
657.33
657.88
658.42
658.97
659.52
660.06
660.61
661.16
661.71
662.25
662.8
663.35
663.9
664.45
665.0
665.55
666.1
666.64
667.2
667.75
668.3
668.85
669.4
669.95
670.5
671.05
671.61
672.16
672.71
673.26
673.82
674.37
674.92
675.48
676.03
676.59
677.14
677.69
678.25
678.8
679.36
679.91
680.47
681.02
681.58
682.13
682.69
683.24
683.8
684.35
684.91
685.46
686.02
686.57
687.13
687.68
688.24
688.79
689.35
689.9
690.46
691.01
691.56
692.12
692.67
693.23
693.78
694.33
694.89
695.44
695.99
696.54
697.1
697.65
698.2
698.75
699.3
699.85
700.4
700.95
701.5
702.05
702.6
703.15
703.7
704.25
704.8
705.35
705.9
706.45
707.0
707.54
708.09
708.64
709.19
709.74
710.29
710.83
711.38
711.93
712.48
713.03
713.57
714.12
714.67
715.22
715.77
716.31
716.86
717.41
717.96
718.5
719.05
719.6
720.15
720.7
721.24
721.79
722.34
722.89
723.44
723.99
724.54
725.08
725.63
726.18
726.73
727.28
727.83
728.38
728.93
729.48
730.03
730.58
731.13
731.68
732.23
732.78
733.34
733.89
734.44
734.99
735.54
736.1
736.65
737.2
737.75
738.3
738.86
739.41
739.96
740.52
741.07
741.62
742.17
742.73
743.28
743.83
744.39
744.94
745.49
746.05
746.6
747.15
747.71
748.26
748.81
749.36
749.92
750.47
751.02
751.58
752.13
752.68
753.23
753.79
754.34
754.89
755.44
756.0
756.55
757.1
757.65
758.2
758.75
759.3
759.85
760.41
760.96
761.51
762.06
762.61
763.16
763.71
764.26
764.8
765.35
765.9
766.45
767.0
767.55
768.1
768.64
769.19
769.74
770.29
770.83
771.38
771.93
772.48
773.02
773.57
774.12
774.66
775.21
775.75
776.3
776.85
777.39
777.94
778.48
779.03
779.58
780.12
780.67
781.21
781.76
782.3
782.85
783.39
783.94
784.48
785.02
785.57
786.11
786.66
787.2
787.75
788.29
788.83
789.38
789.92
790.47
791.01
791.56
792.1
792.64
793.19
793.73
794.27
794.82
795.36
795.91
796.45
796.99
797.54
798.08
798.62
799.17
799.71
800.26
800.8
801.34
801.89
802.43
802.97
803.52
804.06
804.61
805.15
805.69
806.24
806.78
807.33
807.87
808.42
808.96
809.51
810.05
810.6
811.14
811.69
812.23
812.78
813.32
813.87
814.41
814.96
815.5
816.05
816.6
817.14
817.69
818.23
818.78
819.33
819.88
820.42
820.97
821.52
822.06
822.61
823.16
823.71
824.26
824.81
825.35
825.9
826.45
827.0
827.55
828.1
828.65
829.2
829.75
830.3
830.85
831.4
831.96
832.51
833.06
833.61
834.16
834.71
835.26
835.82
836.37
836.92
837.47
838.03
838.58
839.13
839.68
840.24
840.79
841.34
841.89
842.45
843.0
843.55
844.11
844.66
845.21
845.77
846.32
846.87
847.43
847.98
848.53
849.08
849.64
850.19
850.74
851.3
851.85
852.4
852.95
853.51
854.06
854.61
855.16
855.72
856.27
856.82
857.37
857.92
858.48
859.03
859.58
860.13
860.68
861.23
861.78
862.33
862.89
863.44
863.99
864.54
865.09
865.64
866.18
866.73
867.28
867.83
868.38
868.93
869.48
870.02
870.57
871.12
871.67
872.21
872.76
873.31
873.85
874.4
874.94
875.49
876.03
876.58
877.12
877.67
878.21
878.75
879.3
879.84
880.39
880.93
881.47
882.01
882.56
883.1
883.64
884.18
884.73
885.27
885.81
886.35
886.89
887.43
887.98
888.52
889.06
889.6
890.14
890.68
891.22
891.76
892.3
892.84
893.38
893.92
894.46
895.0
895.54
896.08
896.62
897.16
897.7
898.24
898.78
899.32
899.86
900.4
900.94
901.48
902.02
902.56
903.1
903.64
904.18
904.73
905.27
905.81
906.35
906.89
907.43
907.97
908.51
909.05
909.59
910.13
910.67
911.21
911.76
912.3
912.84
913.38
913.92
914.46
915.01
915.55
916.09
916.63
917.18
917.72
918.26
918.8
919.35
919.89
920.43
920.98
921.52
922.06
922.61
923.15
923.7
924.24
924.78
925.33
925.87
926.42
926.96
927.51
928.05
928.6
929.14
929.69
930.23
930.78
931.32
931.87
932.41
932.96
933.5
934.05
934.59
935.14
935.68
936.23
936.78
937.32
937.87
938.41
938.96
939.51
940.05
940.6
941.15
941.69
942.24
942.79
943.33
943.88
944.43
944.97
945.52
946.07
946.61
947.16
947.71
948.26
948.8
949.35
949.9
950.44
950.99
951.54
952.09
952.63
953.18
953.73
954.28
954.82
955.37
955.92
956.47
957.01
957.56
958.11
958.66
959.2
959.75
960.3
960.85
961.4
961.94
962.49
963.04
963.59
964.13
964.68
965.23
965.78
966.33
966.87
967.42
967.97
968.52
969.06
969.61
970.16
970.71
971.26
971.8
972.35
972.9
973.45
974.0
974.54
975.09
975.64
976.19
976.73
977.28
977.83
978.38
978.93
979.47
980.02
980.57
981.12
981.66
982.21
982.76
983.31
983.86
984.4
984.95
985.5
986.05
986.59
987.14
987.69
988.24
988.79
989.33
989.88
990.43
990.98
991.52
992.07
992.62
993.17
993.72
994.26
994.81
995.36
995.91
996.46
997.0
997.55
998.1
998.65
999.19
999.74
1000.29
1000.84
1001.39
1001.93
1002.48
1003.03
1003.58
1004.12
1004.67
1005.22
1005.77
1006.32
1006.86
1007.41
